1050
952
1014
976
949
1002
1022
1041
5078
5228
894
1021
5215
956
5225
883
1053
1020
904
5231
1029
1031
989
1025
5218
1049
851
5207
858
1052
478
993
5222
1040
857
965
758
1056
730
760
999
1051
859
1001
981
728
1084
1032
959
1059
1055
968
978
977
979
982
1094
1054
1030
1092
1058
1027
5110
1009
5230
5202
1016
980
1057
1006
1010
1007
759
891
731
773
994
5144
1063
5105
5138
1019
1068
1090
1096
1034
1083
1033
1086
946
1070
1082
1066
5145
5235
5234
1026
1062
1060
1075
1087
1093
1077
5232
1064
1061
1081
1080
1069
1076
1071
1078
1067
5233
1065
1074
1097
1072
1073
1079
